- 131-

92. 95. 103. 108. 110. 114121. 0010000011.

125. 134144. 140. 102. 5, 1. 0. quiz (interrogat.) 3, 23. 40. 01 (bis).

17. 0. 33. 21 (0.). 34. 0. 03. 0. 1, ι. 2. 30. 5, 11. 33. 6, 33.

08. 00. 83. 08. 105. 108 (bis). 6, 80 (bie. 011. luc. uulgo). 7, 7. 35.

5.14.15. 35. 37. 42. 43. 03. 00. 40. 51. 18. 0, 35. 50. 11, 10 (bis).

01. 7, 25. 38. 53. 03. 70. 81. 8, 18. 02.

5. 1. 0. 10. 18. 20. 25 (uulgo). qu1³(1'ndefim‘!.)1,16.21. 2, 52. 50.

20. 3340 (013). 43. 41 (013). 40. 3, 38. 4, 82. 83. 143157. 5, 40.

51. 01. 81. 0, 2. 0. 1213 (013). 0,11. 7, 16· 51. 50. 8, 3. 21. 0,

15. 16. 20. 22 (uulgo). 30 (00180). 23 (bis).

31. 41. 45. 48. 05. 01. 10,1. 12. quisquam 4, 46. 0, 22 (bis). 88. quid-

15. 10. 25 (bis). 20. 20. 30. 42. quam 3, 0. 02.

45. 54. 55 (bis). 58. 02. 11, 5. 0. quisque2,21.8.16.10‚46. 11, 10.

13. 14. 20. 51. 52. 53. 51- 58. 04. 25. 31. 31. 43. 40. 55. 61· 01. 73.

08 (antiq. scripu). que - que 4, quisquis 11, 50. quidquid 7, 46. 8,

. 00. 7,11. 73. quidquid id est 4, 12.
querela 5, 12. 8, 48. 53. 0,15. 11, 13. quo 0, 80.
queri 8, 13. quo(me)cunque 1, 13.
querulus 4, 30. quud 3, 35. 10. 80. 4, 58. 7,14. 0,
(10100101.) 1, 4. 11. 21. 33 (bis). 11.10.11,02.

45. 40. 55. 50. 03. 05. 02. 2, 38. quondam 1, 82.

12. 80. 3, 11.10. 22. 46. 55. 50. quoniam 0, 10. 81.

05. 82. 84. 80. 88. 08. 4, 2. 5. 0. quoque 1, 0. 2, 04. 3, 03. 4, 81. 125

7. 8. 10. 18. 20. 21. 50. 02. 05. (uulgo). 142. 5, 30. 82. 0, 18. 7,

71.17.68. 77. 30. 30 (us). 00. 33. 9, 33.

02. 03. 108. 100. 110. 120131. quot 3, 64.

140. 151. 152. 100. 5, 5. 7. 34. quolies 2, 85. 88. 5, 53. 7, 21. 00.

35. 50. 15. 115. 0, 0. 10. 23. 33. 11, 44.

42. 50. 51. 56. 01. 11. 1, 5. 6. 10, quum cf. eum.
= 15. 18. 35. 30. 41. 54. 50. 00. 01.

11. 17. us. 33. 8, 0. 21 28 (0.). R·

41. 42. 00. 0, 0. 20 (bis). 21. 35. Rabidos 0, 28 (uulgo).

31. 53. 51 (bis). 00. 01. 02. 08. racemus 1, 2. 8, 00. 10, 40.

71. 77. 33 (0.). 10, 5. 0. 14. 18. radere 5, 00.

19. 31. 41. 11, 11. 10. 24. 25. 31. radiare 1, 18. 7, 48.

34. 31. 43. 40. 50. 55. 01. 01. 08. mdix 1,11. 2, 48.

10 (103).11. 73. ex quo 9, 20. ramosus 6, 42. ¹
quia 8, 21. ramus 1, 12. 4, 00. 5, 100. 0, 2. 1
quicunque 1, 1415. 2,11. 12. 7, 10, 5.

28. 45. rapere 1, 82. 11, 32.
quidem 4, 9. 5, 110. rapidus 1, 10. 11, 14.
quies 1, 03. 10, 20. 03000010, 50.
quietus 8, 33. 38. rarus 1, 02.
quin 0, 74. 10, 21. 03. · · ratio 5, 00.
quinam 1, 20. raucus 1, 3. 0, 04. 8, 2·

 

