j-ss7-

elabi 10, 58. 156.162.165.167. 5,13. 26. 22.
elidere 16, 42. 31. 42. 48. 55. 58. 62. 65 (uulgo).
emeritus 1, 87. 8,19. 68. 77. 79 (bis). 81. 87. 88. 96. .
emergere 7, 71. 94. 97. 161. 165. 161. 166. 115.
eminere 1, 61. 116 (uulgo). 118. 126. 6, 1. 13,
en 3, 26. 4. ’18. 6, 32. 7, 43. 41 (bis). 15, 24. 35, 36. 38. 40. 45, 55, 33,
enim 3, 7. 4, 26.144 (ex coni.). 5. 16. 11. 92 (611). 7, 3 (uulgo). 19.

46. 6, 25. 86. 12. 13· 25. 31. 34. 31. 42. 43. 46
mmm mmmmmumme
equa 6, 49. ’ 2. 8. 11. 13. 16. 35. 36 (611). 56.
eques 7, 29. . 58. 83. 9,1. 5· 8. 9. 19. 21. 32.
equidem 3,18. 6, 19. 42. 51 (uulgo). 56 (his). 64. 66. ’69.
equus 1, 1. 7, 66. 8, 86· ' · 73. 18. 79. 86. 81. 96. 16, 4. 15.
erigere 1, 75. - 24. 26 (sec. quosdam). 29. 34. 38.
errare 1, 12. 3, 56. 58, 5, 5. 15. 9, 46. 42. 56. 54. 69. 11, 2. 21. 28

39. 41. (bis). 29. 33. 54. 69. -· et -- et -
Eryx 9, 57. ι (sqq.) 21⁰0. 3, 53. 71.4, 129. 5, 14.
esculus 5, 59. 19. 6, 59. 7, 84. 8, 8 (uulgo). 23.
esse 4, 64. 7, 84. 9, 36. - sum 3, 10, 64. - et -wque 4, 113. -et

55. 63. 6, 19. 9, 31. - es 3, 24. -que-et9,47.- et(=e1iam)

emmmſtrmmmuzmmmmmmme

(bis, alt. loc. uulgo). 4, 12. 16. 21. 56. 11, 1. 19. 21. 25. 31. 35.

1585, 99. 115. 6,1. 11. 49. 53. 31. 43. 41. 49. 56. 59. 61. 61. 13.

’ 9, 81. 16, 13. 11, 16. 24. 3212. - et (Ξ idque) 3, 8.

- sumus 9, 82. sunt 4, 36. 5, etenim 2, 89. 4,19.

115. 7, 45. 9, 54. - sit 4, 86. eliam 7, 22. 2, 19. 36. 86. 3, 12.11.

141. 145. 7, 13 (ser. quosdam). 18. 4, 92. 5, 28. 7, 59. 8, 62. 9, 74.

— sint 2, 23. 5, 36. 82. — erat 16, 25. 63. -etiam nune 3, 16.

1, 82. 2, 9. 6,14. 7, 55. 8, 52. Eurus 2,16.4,166.5,53.11,14.

11, 5. 33. - esset 6, 88. 10, 7. -·- examen 4, 151.

fuit 1, 55. 4, 65. 7, 2. 8, 24. suere exarmatus 5, 94.

8, 46. - fuisses 4, 39. -·· eris 4, exaudire 4, 49.

166. 11, 21. - erit 2, 55. 5, 61. excelsus 5, 54 (53. uulgo).

6, 28. — luerit 5, 56. 8, 82. - excipere 1, 85. 6, 77 (uulgo). 10, 53.

suerint 7,18. - este 2, 99. excitare 4, 162.
et 1, 2⁴. 3. 12. 16. 18. 23. 43. 49. 59. excludere 3, 41,

66. 76. 73. 18. 81. 96. 2, 1. 5. 9. excoquere 2, 16.

11. 15. 22. 25. 29. 33· 39· 41. 42· excutere 3, 41 (uulgo). 5, 161. 7, 53.

mmmmmmmmm mu .

99. 3, 3. 5 (uulgo). 14. 11. 19· 21. exedere 6, 64. 69.

36. 42. 44. 41. 59. 66 (bis). 62· exercere& 11.

67. 14. 83. 93. 96. 4, 13. 19. 23. eximere 3, 3.

24 (uulgo). 25. 33. 38. 44. 51. 55. exire 5, 52.

56. 65. 69. 86. 166. 164. 166. 118. exoptare 3, 35.

121.123. 133135. 146. 141. 148. exorare 3, 93.

 

