-1M -

rutilare 3, 44.

⁴ rutilus 4, 68. 6, 43. 7, 51 (uulgo).

S..

Sacer 1, 26. 36. 34. 2, 55. 4, 65.
159.11,63.

sacrarium 1,15.

' sacrum 1, 68. 7, 21.

saeculum 1, 45. 4, 1. 7, 14. saeelum
9, 58.

saepe 1, 55. 2, 62. 63. 90. 3, 56
76. 95 (1). 4, 26. 35. 66. 96. 93.
155. 7,11. 8, 61. 62. 9, 31.

333663 11, 44.

saginare 4, 125 (sec. quasdam).

salictum 3, 68. 5,110.·

331133 4,124(uu1go). 5, 23. 10, 53.

salix 2, 44. 3,14. 18. 8, 6.

331363 5, 21.

331163 5, 19 (ex 3661).

36163 9, 46.

3363 6, 66.

3331331 4, 16. 5, 64.

33361636 cf· 3313361663. p

securus 1, 38. 42. 48. 4, 37. 132.
menen

336 1, 26. 29. 31. 11. 91. 2, 3 (script.
mmnnennemn
56. 55. 13. 163. 5,14. 24. 52. 12.
93126. 6, 3. 5. 21. 57. 62. 96.
rmnnnnuffinn
10, 8. 16. ·-. sed 311336 4, 55.

336333 4, 3. 6, 45. 54.

33633 7, 26. 8, 46.

336113 6,11.

3363311133 5, 165·

3366163 3, 39.

segnis 8, 49. 66.

3316314, 1115.

Semele 16, 22.

333636 10, 15.

semper 2, 14. 16, 82. 11, 21. 22.

3363163 1, 66. ·

senecia 8, 9 (uulgo). 56.

sanguis 1, 81. 3, 6. 6, 56. 9, 56 33633163 5, 13. 7,13. 8,43.

(uulgo).

sanies 5, 11.

sapere 3, 52. 54.

Sardoas 11, 53.

3311333 2, 56.

6η663633663

331636 (= seges) 7, 68. 9, 51. 11, 11.

33163 4, 31.

Saturnus 1, 64.

Satyrus 2, 13. 16, 25. 38. 39. 46 51.

333661 3, 85. 6, 43. 66. 61. 16, 43.

scapula 8, 61.

33111331 1, 84. 3,12. 4, 43. 49. 161.
7,13.

scilla 5, 19.

scindere 3, 6.

scintillare 1, 82. 5, 22.

33133 3, 65. 4, 12. 6, 35 (bis, 36.
loc. uulgo). 41. 49. 9, 35. 65.

scopulus 4, 28. 6, 68. 11, 41.

333333 9, 21.

secernere 5, 69. 8, 26.

senex 7, 44. 16, 25. 66. senior 2,
98. 5, 1. 3. 9. 7, 39. 8, 11. 24. 62.

3361133 4, 112. 8, 38. 11, 21 (bis).

sepes 5, 96. ·

seponere 6, 13.

sepiem 2,1.

septenus 4, 45.

septum 5, 89.

sequar 1, 31.

sequi 1, 13. 44. 2, 86. 3, 61. 5, 58.
6, 35. 11, 26.

33336333 11, 17.

3333663 5, 46. 8, 56.

serere — salus 1, 33.

serpens 5, 92. 11, 41.

3331636 16, 19.

seruare 1, 16. 23. 2, 38. 5,166.
nn .·‘

seruire 2,11. 15.

ι serus 5, 39. 61. 126. 6,1.

seta 7, 63. 16, 31.

336 ν·- 3364, 128. 142. 6, 11..Δ

 

 

