·—1st -

G. ’ capistrum 1, 41. 6, 39.
&maffiawnc mmbfflssffi
caducus 5, 115. captiuus 1, 51.
caedere 3, 311. 5, 68. caput 1, 15. 53. 5, 19, 6,31. 53 ( ·
caeder 1, 65. uulgo). 8, 13. 10, 33. “
Caesar 1, 82. 4, 81. 94. 91. 143. carcer 1, 52. 51.
Caesareus 4, 133. 11111 3, 94.

1111111111,16. 3, 36. 58. 4,19. 23. carmen 1, 32. 35. 92.ι 2, 36. 92. 3.

mmmdmmfflm.mstmecwnaa
111ωῳ1111.111ω1ψμηυ1
demendam meaumemcwn.

calathus 2, 11. 9, 34. 10, 42. 39. 5315. 11. 13. 83. 9, 15. 54.
11111112,19.4,135. 10, 45. 10, 6. 9. 15. 1215. 11, 16. 19.
calcator 4, 124. 35. 31. 31. 43. 49. 55. 51. 61. 13.
calere 3, 15. 10, 15. carnifex 1, 61.
calidus 5, 22. carpere 2, 45. 8,- 65. 9, 5. 1.
caligo 5, 41. . 10, 39.
Calliroe (Callirhoe uulgo) 3, 35. 1111118, 9 (111161).·10.
calor 11, 51. casa 2, 65. 7, 43.
Camoena (Camena alit) 3, 42. 4, 46. 1111111210. 5, 31.
campus 5, 8. 29. 58. 8, 1. 51. 10, 61. castanea (nur) 2, 83.
canalis 2, 35. 95. 4, 76. eastra 1, 65.
candere 11, 22. carue 9, 18.
'candidus 114111). 3, 53. 5, 11. 6, catenatus 1, 66.
14. 33. 9, 41. “ cathedra 7, 37.
1111111 8, 56. 1111111164.
1111111 1, 29. 34. 92. 4, 1, 62. 66. 1111119, 55.
1182156. 7, 9. 9, 83. 88. 10, 1111111117,11.
1318. 11, 41. causa (1111111 clia) 1, 45. 7,1. 8,
canna 2, 31. 4, 45. 161. 35. 48.
canor 10, 8. 11111116, 68.
canorus 10, 8 (1111111111.) 11, 39. cedere 1, 58. 2, 92.
cantare 3, 21. 55. 4,11. 68. 128. 11111 10, 43.
ημωαωηιη1ηωω1π ι
32. 62. 9, 82. 85. 11, 3.19. 25. censere 1, 88.
31. 31. 43. 49. 55. 61. 61. -70, 73. cera 3, 35. 4,19.8,58..10, 14.
cantharus 10, 48. cerasus 3, 42. 8, 38.
Canthus 5, ι1. 1. 112. (111114, 123.
cantus 2, 6. 25. 160. 3. 41. 57. 93. cereus 2, 91.
4, 4219. 130. 6, 6. 11. 59. 8, cernere 1, 4.11. 5, 8. 7, 3. 6. 64.
31. 9, 16. 38. 61. 10, 55. 11, 13. 43. 16. 8, 28.
canus 5, 6. 7, 43. 8, 9. 1111111112, 9. 6, 22. ;
capella 5, 5. 14. 29. certare 2, 19. 3, 63. 6. 2.· 31. 96. 7,
capere 10, 41 (uulgo). 12. 21 (uulgo). 65, 1
capillus 19, 20. . certatim 7, 48.

 

