. - Μο-

0111015105. uocare 1,13. 1, 110. 5, 21. 0, 35.
011015, 11. 7, 21. 10, 20. llas.
uis - uires 10, 1. 00. uolitare 0, 01.
uiscera 1, 18. notabilis 0» 03.
uisere 1, 150. 5, 30. 0010001511.
01101183. uolucris 5, 10. 01 (uulgo). 0, 01.
0110 1, 138. 8, 10. 15. 11, 28.
uitalis 5, 115. 8, 30. uoluere 1, 0.
0110105, 2. 10, 2. 11. 8. 15. 000111 [1100001001] 1,120.
0111111 10, 10. uorago 7, 10.
010.3,11.8.10. 0, 51. 10,15. 11. uos 1, 30. 31. 1, 132. 0, 80. 10, 20
01. 11, 18. (101. 0001110111).001>11 1) 111. 0, 00.
uitium 1, 58. 001(οε1. 2, 00. 3, 22. 1
0111100 0, 11. uotum 2, 50. 1, 18. 0, 8.
..01. 11, 11. ...11.1,11.1,11.11.1,11. ζ
01101011, 00. 0, 32. 11, 33. urbs 4, 8. 25. 101. 1,1.18. 11. 8, ’
010010 2, 00. 1,111 (uulgo). 5, 28. 83. 0, 81. 85.
000110 0011010010100 ¹
01000 5, 25. 82 (uulgo). 08. 11, 05. 11, 15. 00.
uix 2, 08. 1,115. 0, 23. 1, 35. 10, 0131110108. )
11. - uixdum 3,10. 011001, 00. Ἱ
ulcus 5, 80. 01010, 11. 0, 31. 10,11. 11, 32.
011οε 1, 10. 5, 03. 01 (01111010.) 1,1. 22. 11. 18 (uulgo).
ulmus 2, 5 (uulgo). 21 (uulgo). 50. 10. 2, 00. 3, 50. 13. 05 (1). 1, 01. ,¹
’000000000 1000001ω110 “
001000. 000011100 ,
000... 3, 10. ut (coninua.) 1, 01. 1, 111. 11. 11. ⁴
mmfflQsswm Qmssmnmmznss
umbra 1, 111. 10. 1,· ⁵. 11. ³, 10. s. 1 (uago). 11. 011. 1
1, 31. 133100. 5, 20. 50101. 0, 0100110011, 82. Ι
23. 11, 1. 23. 38. 40. uterque 1, 80, 2, 3. 30. 3, 15. 8,11.
umbrosus 2,12. 21 (uulgo). 0, 2. 0. 11, 12. ,“
uncus 5, 03. 011 1, 118.
1000001000. 00100000
undique 7, 31. 30· uua 3, 10. 1, 121. 5, 01819. 10,
unguen 5, 81. 0, 50. 31. 11. 11. 52. 01. 11, 2318.
unguis 1, 52. λ uulgaris 6, 50.
ungula 6, 55. 00. uulnus 110011. 11, 12.
unus 0, 0. 7, 83. 0, 52. 11, 30. 111 uultus 1, 51. 12. 2, 00. 1, 1. 0, 11.
unum 10, 01. 7, 77. 81. 8, 50. 11, 11.

uocalis 0, 8. 0, 01. 10, 51.

 

