„1ffl.ss

glarea 6, 65.

gleba 10, 69.

gloria 11, 16.

gnauus 5,11. 105. .
gracilis 1, 9. 2, 81. 3, 68. 8, 3.

gradus 7, 25.

gramen 2, 32. 46. 4,129. 5, 6. 8.
0000011010
29. 11, 21. 53.

grandaeuus 8, 68.

grassari 1, 56.

gratia 8, 21. ι

wmzstZffiQR

81101114103. ’

grauidus 10, 18.

grauis 2, 4. 84. 10, 62.

grauitas 8, 56.

gremium 3, 78. 9, 5- 10, 28.

- grex 2, 2. 36.. 45. 94. 4, 25. 5,1.

24. 51. 51. 62. 69. 112. 8,1. 81.

9,12.

· gutta 5, 55.

guttur 11, 40.

Η.

Η161012, 23. 3, 84. 91. 4, 62. 116.
154. 1, 20. 8, 3. 20. 10, 55. 11, 29.

6161101 1, 11.

haedus 3, 63. 4, 166. 6, 3. 7, 1014.
8, 6.

61111 10, 64.

6111111 3, 21.

, haurire 10, 50. 60.
’ 61111115, 110.
hederatus10, 18.
00101010000

6,12. 8, 32. 11, 69.
here (Ξ heri) 4, 59.
Hesperus 9, 90.
hesternus 10, 62.
heu 8, 49. - heuheu 9, 40.
6111011,23.
hibernus 4, 35. 5, 18.
hibiscus 4, 32.
610 (pronomen) 1, 8. 28. 34. 94. 2,

4. 1. 23 (uulgo). 30 (uulgo). 52.
53. 55. 51. 99. 3, 1. 14. 28. 45
(bis). 59. 6216 (bis). 89. 4, 2. 6.
munuuwffimu
(611). 1311 144. 145. 5. 9. 28. 30.
41. 18. 104. 6, 2. 33. 34. 46. 47.
581180. 81. 85. 91. 93. 7, 36.
748, 9. 28. 31. 31 (611). 111. 9, 4.
18. 28. 53. 69. 19. 10, 6. 11. 23.
25. 41. 41 (uulgo). 48. 58 (bis). 66.
11, 1. 21. 45 (bis). 68. ’

6106010116.) 4, 129 (uulgo). 7, 58,
59. 8, 32. 84. 11, 46. 41 (bis).

6111015, 100. 108. 8,18. 9, 9.

61111118, 12. 9, 81.

6101 2, 23. 94. 4, 1⁰0. 8‚4s. 9, 8.

hircus 5, 23. 68.

61110101 1, 5. 6, 13. 8,16.

hirtus 7, 61.

hirundo 5, 17.

histrix (hystrix 0111) 6, 13. -

hodiernus 4, 52.

hoedus cs. haedus.

homo 8, 50. 9, 58.

600011118, 22. ’

60001 8,111.-· [60001] honoris 1, 69.

6011 3, 3. 5, 31. 35. 61. 121.

hordeum 3, 85. ,

601001 (substant.) 2,11.

6011111 9, 43. 10, 31.

6011111 8, 59. ’

, hortus 2, 2. 8. 35. 64. 15. 91. 0, 4.

601111 5, 21.

601111 1, 56. ι .

hue 3, 21. 8, 84 (ex coni.) 11, 38.
60101001 4, 135.

humerus 5, 41. 10, 54.

- humidus 4, 3. 5, 52.

humor 4, 2. 5,100. 10, 54.
601001 11, 41.

hyacinthus 3, 165. 9, 45. 48.
Hyblaeus 4, 63.

hystrix cf. 6111111.

 

