-110-

agere 2, 58. 94. 3, 6. 21. 8, 26. 1111111258. 92 (bb). 166. 3, 23. 86.

agmen 1, 99. 99. 9, 141. 1, 11. 19. 611. 8, 11.

agna 2, 37. 63. 68. 5, 15. 48. 54. 9, 8. 27. 69. 11, 3. 29.

13111112, 62. 4, 162. 5, 37. ’ emouere 5, 44.

agrestis 9, 64. amplexus 1, 14.

agricola 4, 54. Amyntas 4, 17. 78. 81. 16, 1. 11, 62.

ab 3, 34. 59. 4, 44. 5, 76· 7, 69. 11131195, 91. 11, 76.

ahenum 5, 83. ’ 1111111111611511111161) 3, 35.

albere 4, 116. ’ anima 8, 39.

albus 2, 36. 8, 13. animus 11, 16. 58.

Alce 7, 59. · annosus 2, 21.

Alcippe 3, 31. 33. annue 2, 1691. 5, 21. 33. 7, 45.

Aleon 9, 1. 1. 19. 11. 9, 1. 1⁹· 19.8,9.19.11.11.11.9, 19. 11,
53. 76. 24. 36. 58.

alere 4, 33. 8, 23. 9, 52. anre (praep.) 5, 5214111615.) 3. 89.

Alexis 4, 75. 5, 6911119 - quam 5, 24. 8, 79.

alienus 4, 51. antrum 1, 8. 4, 95. 6, 66. 76. 9. 28.

aliquis 11, 66. aliquid 5, 115· 26. 10, 14. 26. 11,16.

9111117, 26. aper 6, 44. 7, 58.

11111116, 91. 10, 51. 52. aperire 5, 96. 7, 28.
allicere 10, 36. ¹ apis 2, 26. 3, 86.
alligare 7, 34 Apollo 4, 9. 57. 72. 87· 6,16. 7, 22.

alludere 4, 67. 11, 16. 84. 8, 5. 65. 82. 9, 55. 72.

almus 1, 44. apparere 3, 4. 16, 4.

Alphesiboeus 2, 94. applaudere 16, 23.

alte 3, 13. apricus 2, 78. 5, 8.

aller 4, 64. 65· 2, 48 (914. alios). 6, aplm 8, 58.

. 1114. . , aptus 4,148.

alternare 6, 41. 9, 19. aqua 1,11. 2. 56. 11, 52.

alternus 2, 25. 4, 79. 6, 2. 311395.

ellus 1, 24. 2,11. 17. 1111914119.

alumnus 5, 1. 3. 16, 37· aratrum 4, 121. 7, 56.

aluus 6, 46. arbiter 6, 21. 29. 91.

mm 2⁹ 99· 3, 9· 99· 94· 4, 99· 89· arbor ll, 29. 1111191246. 95. 4, 91. .
5. 14· 9. ⁵⁰· ¹0³ ⁵⁶· 11. 1⁹· ²⁵- 111. 11, 11. (ιω. obzzq.) 1, 19. 2.
31. 87. 43· 49. 55. 56. 57· 61. 67. 23, 54, 72, 9113, 89, 52619130). =
13. - 9111119611611.) 10, 36. 66. 8, ⁶⁴1,

1111111113, 12. 1151111111 4, 169· 7, 72.

Amaryllis 4, 38. arctum 11, 32.

ambiguus 2. 39. 8, 55· arcus 6, 68.

ambire 7, 33. ardere 1, 66. 81. 3, 28. 9, 2. 14. 16,

ambo 3, 19. 9, 19. 11 (hiel 11 (uulgo).

amnis 4,-4. 6, 62· 7, 67. 8, 28. 9, area 2, 49. ..

36. 11, 64. arena 2, 73 4, 42. 7, 6. 33. 48. 54. 69.
amoenus 4, 133. erere 1, 33. ’

 

