-1w -

taciturnus 4, 198. 1, 8. 1111131112, 19. 5, 21. 192.
1ωω1ωπ1111111ώ111ω111ψη
6, 11. ’ 1.... 1, 11, 1, 111. 5, 11. 1, 11. 1,
taeda, 2, 29. 51. 19, 5.
talis 1, 82. 2, 98. 4, 169. 5, 4. 8, 48. tergum 1, 41. 2, 31. 3,12. 5, 81. 6,
tam 3, 22. 34. 4, 159 (bis). 1, 43 53 (54, uulgo).
(uulgo). 9, 111. tam - quam 4. 14. terminus 8, 55.
11111111 1, 49. 56. 2, 11. 3, 4. 21116. 11111 1, 43. 2, 4. 51. 52. 4, 39. 84.
81. 1, 151. 111. 5, 31. 19. 111. 112. 146 (uulgo). 1, 11,
6, 32.1,16. 44. 82. 11, 39. 12. 11111116, 48.
landem 1,43. 4114. 11,11. 18211. terror 1, 99. ·
11113111 2, 85. 6, 51. 9, 29. 49. 11111112, 39.
*anquam 9, 21. 10, 6. 1111113, 24.
111111 5, 36. testudo 6, 69.
{aulum 4, 13. 11. texere 3, 69. 1, 23. 8, 2.
11111113, 6. 1,1.41. Τ111111116,18.
tapetum 6, '11' Themis 1, 44.
Tarentinus 2, 69. Thyrsis 2, 9. 22. 98. 1, 11. 15.
Τ 11111111 1, 24. tibia 8, 22.
’1111111111 1, 52. tigris 19, 19. ,
11111111 2, 18. 3, 2. 16. 64. 4, 69. 1, timere 1, 53. 3,19. 11,119. 6, 49.
3. 611. 8, 34. 9, 911. 11, 26. 11, 19 (uulgo).
1111111811. 11, 52. Τ111111118, 9.
tectum 2, 69. 1, 42. 9, 65. tingere (tinguere 11115, 541
tegere 3, 94. 5, 15. 9, 11. 1111111115, 16. ,
1111111 2, 48. 51.4,191. 199. 5, 86. 1111111114,14.
8, 36. titubare 5, 4.
telum 1, 41. Tityrus 3, 19. 14. 91. 4, 62. 64. 161.
1111111112, 42. 4, 92. 163.8,1. 9, 84.
templum 8, 39. togatus 4, 8.
tempora (capitis pars) 2, 29. 6, 42. tollere 3, 49. 6, 5. 9,15.
19, 36. tondere 4,194.
111111111218. 4, 39. 139. 5, 45· 61. 1111111112, 19.
95. 6, 21. 8, 19. 45. 19, 24. 11, 1011111611.
32. in tempore 5,194. 1ο1-11111116,55.
tendere 3, 31. 6, 89. torquere 1, 48. 3,11. 1, 53. 11, 49.
11119111 1, 53. 1111111116, 43.
111112, 44. 4, 192152 (uulgo). 166. 11111111 5, 48.
5, 99. 6, 52. 14. 86. 1, 19. 9. 32. 1ο111115,2. 19, 2.
61. 19, 34. 11, 58. torridus 1, ¹1. 3, 59. 5, 81. 191.
1111111215. 8, 48. 9, 51. 11, 23. torus 6, 61. 1, 61.
1111112,11. 91. 9, 11. tot 2, 69. 3, 9. 63.
tepefacere 5, 31. = 1111111111 2, 82.
111111 5, 41. · 101111 2, 89.
tepescere 5, 6118, 13. totus 1, 49. 2, 11. 19. 11. 15. 5, 19

 

