-1m -

mmmfflmmwffissmmfflfflfflmmmmwffi

1370101301, 5, 75. 6, 28. 80. 7, nouus 2, 45. 3, 9. 5, 10. 101. 7, 5, ’

83. (cum coniunct.) 4, 39. 8, 44. “
ffissm. mzwawwzzmffi
niueus 2, 10. 5, 31. 6, 39. 45. 7, 29. nubilum 5, 85.
58. 10, 09. 11, 34. 44. nudare 11, 12.
nix 5, 108. 11, 51. nudus 3, 30. 4, 124. 10, 45 (uulgo).
nocere 3, 38. 11, 52. nullus 1, 50. 51. 00. 3, 5, 09. 4,129.
Noctifer 5, 121. 9, 29. 30. 40. 46. 11. 10, 13. 39.
nocturnus 1, 14. 38. 3, 13. 5, 54. num 2, 84 (bi.) numquid 1, 80.3,1.
nolle 1, 39. 3, 90. 4, 141. 11, 18 Numa 1, 65.
(antiq. script). numen 1, 89. 91. 2, 54. 4, 10. 84.
nomen 4,109. 5, 84. 7, 00. 112132. 6, 58. 7, 10. 80.
non 1, 0. 21. 28 (bis). 30 (uulgo). numerare 1, 02. 2, 1213. 3, 04. 11,
40- 08. 82. 2, 30. 40. 01. 3,1. 18. 30.
48. 49. 98. 1,·5. 11. 14. 20. 22. numerosus 3, 00.
20. 30 (bis). 41. 49. 12. 129 (uulgo). nunc 1, 22. 2, 25. 3, 14. 22. 33.10.
135.131(.σεε. quosdam). 150. 151. 92. 4, 20 (uulgo). 43. 5, 80. 95.
5, 24. 39. 92. 101. 0, 3. 912. 10. 99100. 0, 912 (00130129 (uulgo).
29. 30. 41. 50. 52. 19. 87 (ex coni.). 5213. 10. 7, 35. 16. 8, 13. 15.
90. 7, 4. 10, 20. 48. 58. 13.19Σ8, 19. 12. 11, 9. 34. - nunc — et
ewssstwmmwmmmmzst
18, 21. 40. 53. 58. ·- non lantum nunquam 9, 30.
- sed 4, 53. - non solum - sed nuntius 3, 39.
4, 53 (uulgo). - non solum «- nuper 1, 11. 4, 38. 104. 119. 0,11.
uerum 7,14. non solum ·-— 7, 64. 8, 15. 9, 08.
nondum 1, 1. 23. 5, 42. 0, 81. 9, 15. nutare 1, 19. 2, 11.
nonus 5, 00. nutrire 2, 82. 83.
nos 1, 014. 2, 04. 80. 4, 100. 7, Nyctilus 0,1. 3. 0. 10. 10101γοιί-
09. 8,11. 9, 85. 10, 20. nobis 1, los uulgo).
00001000000001000000.’
19. 02. 7, 45. 64. 19.8, 30.40.00. Nysa 10, 20. ,
11, 08. nos (acc.) 4, 33. 0, 10.
8, 02. ·
noscere 4, 53. O 1, 30. 2, 22. 90. 3, 10. 4, 0.10.
noster 2,12. 3, 15. 04. 88. 4,13. 15² (amigo). 6, 11· 7, 173·Ίῶ
ammmmmnmwmaffiffifflwwfflwffl·
5, 104. 0, 20. 7, 2, 19, 56, 8, 27, - ο si 2, 52. culinam 0,18.1,19.
ηηωηαηηηωώΆΜ
00000. ψωμηῳπαωιη
notare 1, 21. 2, 90. 3, 43. 4, 22. 010311341118·
105. 5, 09. 0, 44 (antiq. scripu). obliquus 2, 31.
7, 11. 9.14. obnoxius 4, 40.
Notus 1,14. obstare 3, 81.
Nouember 2, 81 (uulgo). obstrepere 2, 95. 0, 02. 8, 31.

 

