-438-

(uulgo). 9, 19. 1,15. 54. 9, 58. 31. 39. 46. 59. 11,11. lum pri-
66. 88. 11, 6. 66. mum 9, 7. 19, 31. 59.

trabes 7, 23. 111111111913. 11,10.

tractare 8, 18. 10,1. tumescere 10, 36.

tractus 11, 40. tumidus 5, 33. 11, 35.

. tradere 1, 4. ,3, 11. tunc 2, 18. 3, 84 (11.).5, 19. 21. 22.
transcendere 5, 30. 21. 29. 86 (uulgo). 95 (uulgo). 90
transferre 1, 86. (uulgo). 100 (sec. quosdam). 7, 39
tremebundus 5, 65. ’1,13. (sec. quonlam). 19, 21.
tremere 3, 69. 6, 82. tunica 3, 39.
tremulus 2,16. 58. 5, 11111111. turba 4, 125.1, 21. 11, 28.

’1, 43. 63. 9,16. 10, 30. lumidus 4, 131.

 

trepidus 4, 58. 7, 69.11, 6. turdus 3, 48.

tribunal 1,10. turgere 5, 114. 9, 50. ,
tribunus 7, 29. turpis 3. 86. 6, 88.

trini 9, 25. 29. 111111, 63.

tristis 8, 18. tutari 4, 21. 6,10 (uulgo).

1111111111, 28. 11, 3. tuus 1, 24. 3, 2. 10. 32. 36. 43. 52.
triumphus 1, 51. 4, 90. 4, 33. 50. 19. 5, 41. 84. 90. 111.
1111111111 1, 50. 6, 20. 1, 3. 8. 8, 218. 80. 10, 15.
trux 4, 40. 60.
m 1, 11. 114. 3,12. 14. 11. 11. V.
1111. 1, 11. 11. 39. 11. 11. 81 vacare 313 (uulgo) 5, 32· 9. 31.
(bis). 93142. 151. 160. 5, 43110. 111011 (0111111101.) 3, 7. 13. 6, 59.
6,18. 22. 15 (bis). 16. 8, 10. 21. uacca 1, 4. 8, 6. 9, 29. 11, 34.
41. 42. 52. 58. 59. 9, 41. 53. 19. uacuus 1, 10. 4, 48. 5,12.

 

14, 30 (11.). 44. libi 1, 11. 24. 2. uae 3. ⁵1· 9. 44·

31. 11. 15. 81. 84. 3, 45 (611159, uagari 1. 31. 2. 11, 41. 3, 33.

65. 16. 11. 18. 81. 4, 26. 51. 53. uagus 2, 11. 41.

13. 145. 158. 5, 9. 33. 38. 12. 11111864.

84. 84. 102. 104. 6, 11. 26. 31. ualere 4, 14. 15. 8, 66.

88. 1, 1. 33 (uulgo). 3514. 16. uallis 3, 2. 4, 195. 5, 111. 6, 46

8, 1. 5. 21. 43. 51. 56. 64. 81. 84, (uulgo). 7, 30. 9, 4.10, 66. 11, 8.

9, 35. 11, 16. 24 (11180135. 36. uanus 6, 21.

41. te (acc.) 3, 55, 4. 9. 22. 30. 0111011112, 02.

31. 12. 5, 39. 1, 2. 40. 8,·4.15. uaporus 11, 63.

11. 12. 13 (bis). 14. 83. 9, 40. 52. uariare 5, 59.

71. 85. 10, 18. 1110161.) 3, 12. 32. 11111111, 68 (at1tiq,scri11t.),

36. 51. 68. 6, 91111131). 12. 22. 11111118, 53. ·

83. 881, 10. 8,,540111), 9, 44. uastare 5,118.

lecum 5, 78. 1111114, 65. 9,13.
iuba 1, 68. . uber 2, 68. 3, 61. 4, 103. 9, 31. 10, 68,
tueri 1, 33. 4, 89. 5, 9. uberior 4, 113. . ,
1111151(11,...1111110181, ubi 1, 8. 11.. 4, 41. 11111, 44. 7, 1

7, 390111). 9,1.,14. 49. 10, 11. 26. 48.

 

